LineNumder=3
Line1Stations=18
110 Академмістечко 67 350
111 Житомирська 115 350
112 Святошин 164 350
113 Нивки 211 350
114 Берестейська 261 350
115 Шулявська 307 350
116 Політехнічний_інститут 359 350
117 Вокзальна 406 350
118 Університет 455 350
119 Театральна 497 319 314
120 Хрещатик 570 305 217
121 Арсенальна 629 305
122 Дніпро 692 307
123 Гідропарк 753 292
124 Лівобережна 797 265
125 Дарниця 842 239
126 Чернігівська 878 214
127 Лісова 912 193
Line2Stations=18
210 Героїв_Дніпра 570 60
211 Мінська 570 90
212 Оболонь 570 125
213 Петрівка 570 155
214 Тараса_Шевченка 570 190
215 Контрактова_площа 570 220
216 Поштова_площа 570 252
217 Майдан_Незалежності 570 282 120
218 Площа_Льва_Толстого 570 362 315
219 Олімпійська 570 406
220 Палац_Україна 570 453
221 Либідська 570 497
222 Диміївська 570 543
223 Голосіївська 525 575
224 Васильківська 442 575
225 Виставковий_центр 378 574
226 Іподром 319 574
227 Теремки 259 574
Line3Stations=18
310 Сирець 375 169
311 Дорогожичі 405 206
312 Лук'янівська 438 247
313 Львівська_брама 461 274
314 Золоті_ворота 483 298 119
315 Палац_спорту 599 363 218
316 Кловська 626 374
317 Печерська 643 394
318 Дружби_народів 660 412
319 Видубичі 678 429
320 Теличка 697 449
321 Славутич 743 499
322 Осокорки 767 524
323 Позняки 814 572
324 Харківська 814 572
325 Вирлиця 841 600
326 Бориспільська 868 630
327 Червоний_хутір 897 658